{
    "w": 256,
    "h": 256,
    "fl_x": 221.70250336879866,
    "fl_y": 221.70250336879866,
    "camera_angle_x": 1.0471975511966667,
    "camera_angle_y": 1.0471975511966667,
    "k1": 0.0,
    "k2": 0.0,
    "k3": 0.0,
    "k4": 0.0,
    "p1": 0.0,
    "p2": 0.0,
    "is_fisheye": false,
    "cx": 128.0,
    "cy": 128.0,
    "aabb_scale": 128,
    "frames": [
        {
            "file_path": "images/robot_cam00.jpg",
            "sharpness": 300.0,
            "transform_matrix": [
                [
                    -0.6963642403199816,
                    0.24371018529297642,
                    -0.6750423619211153,
                    -1.9736805923999878
                ],
                [
                    -0.7159385923946987,
                    -0.17024912710025575,
                    0.6770872666366566,
                    1.9736805923999878
                ],
                [
                    0.05008769033876984,
                    0.9547882384623643,
                    0.29303693106921425,
                    0.9868402961999939
                ],
                [
                    0.0,
                    0.0,
                    0.0,
                    1.0
                ]
            ]
        },
        {
            "file_path": "images/robot_cam01.jpg",
            "sharpness": 300.0,
            "transform_matrix": [
                [
                    3.290100538272828e-16,
                    0.3420201433257862,
                    -0.9396926207858658,
                    -2.3684167108799854
                ],
                [
                    -1.0000000000000002,
                    -9.681144774731365e-14,
                    -3.529364980562776e-14,
                    0.0
                ],
                [
                    -1.0293130014660648e-13,
                    0.9396926207858658,
                    0.34202014332578634,
                    0.9868402961999939
                ],
                [
                    0.0,
                    0.0,
                    0.0,
                    1.0
                ]
            ]
        },
        {
            "file_path": "images/robot_cam02.jpg",
            "sharpness": 300.0,
            "transform_matrix": [
                [
                    0.7071067811866579,
                    0.24184476264795346,
                    -0.6644630243885659,
                    -1.9736805923999878
                ],
                [
                    -0.7071067811864379,
                    0.24184476264792987,
                    -0.6644630243888082,
                    -1.9736805923999878
                ],
                [
                    -7.41210126575837e-14,
                    0.939692620785926,
                    0.3420201433256216,
                    0.9868402961999939
                ],
                [
                    0.0,
                    0.0,
                    0.0,
                    1.0
                ]
            ]
        },
        {
            "file_path": "images/robot_cam03.jpg",
            "sharpness": 300.0,
            "transform_matrix": [
                [
                    1.0,
                    -7.399712496868204e-14,
                    -1.2633247665878369e-13,
                    0.0
                ],
                [
                    -1.0287593667906284e-13,
                    0.2588190451024377,
                    -0.9659258262890905,
                    -2.3684167108799854
                ],
                [
                    1.0417298505264369e-13,
                    0.9659258262890905,
                    0.2588190451024377,
                    0.9868402961999939
                ],
                [
                    0.0,
                    0.0,
                    0.0,
                    1.0
                ]
            ]
        },
        {
            "file_path": "images/robot_cam04.jpg",
            "sharpness": 300.0,
            "transform_matrix": [
                [
                    0.7071067811865116,
                    -0.24184476264814034,
                    0.6644630243886532,
                    1.9736805923999878
                ],
                [
                    0.7071067811865838,
                    0.24184476264793775,
                    -0.66446302438865,
                    -1.9736805923999878
                ],
                [
                    1.336017152497831e-13,
                    0.9396926207858757,
                    0.34202014332575925,
                    0.9868402961999939
                ],
                [
                    0.0,
                    0.0,
                    0.0,
                    1.0
                ]
            ]
        },
        {
            "file_path": "images/robot_cam05.jpg",
            "sharpness": 300.0,
            "transform_matrix": [
                [
                    -2.1798775136476719e-16,
                    -0.342020143325787,
                    0.9396926207858656,
                    2.3684167108799854
                ],
                [
                    1.0000000000000002,
                    -9.747758156208874e-14,
                    -3.503897880437591e-14,
                    0.0
                ],
                [
                    1.0340364897997886e-13,
                    0.9396926207858656,
                    0.342020143325787,
                    0.9868402961999939
                ],
                [
                    0.0,
                    0.0,
                    0.0,
                    1.0
                ]
            ]
        },
        {
            "file_path": "images/robot_cam06.jpg",
            "sharpness": 300.0,
            "transform_matrix": [
                [
                    -0.7071067811865838,
                    -0.24184476264800595,
                    0.664463024388625,
                    1.9736805923999878
                ],
                [
                    0.7071067811865114,
                    -0.2418447626480711,
                    0.6644630243886787,
                    1.9736805923999878
                ],
                [
                    3.023995165718104e-14,
                    0.9396926207858761,
                    0.34202014332575836,
                    0.9868402961999939
                ],
                [
                    0.0,
                    0.0,
                    0.0,
                    1.0
                ]
            ]
        },
        {
            "file_path": "images/robot_cam07.jpg",
            "sharpness": 300.0,
            "transform_matrix": [
                [
                    -1.0,
                    0.0,
                    1.2246467991473532e-16,
                    0.0
                ],
                [
                    1.1507915602277975e-16,
                    -0.342020143325787,
                    0.9396926207858654,
                    2.3684167108799854
                ],
                [
                    4.1885387376784407e-17,
                    0.9396926207858654,
                    0.342020143325787,
                    0.9868402961999939
                ],
                [
                    0.0,
                    0.0,
                    0.0,
                    1.0
                ]
            ]
        },
        {
            "file_path": "images/robot_cam08.jpg",
            "sharpness": 300.0,
            "transform_matrix": [
                [
                    -0.34583510401939555,
                    0.24371018529297928,
                    -0.9060923939711425,
                    -2.3684167108799854
                ],
                [
                    -0.9350101650001279,
                    -0.1702491271002602,
                    0.3110807388252022,
                    0.9868402961999939
                ],
                [
                    -0.07844789464560499,
                    0.9547882384623627,
                    0.28674962514293023,
                    0.9868402961999939
                ],
                [
                    0.0,
                    0.0,
                    0.0,
                    1.0
                ]
            ]
        },
        {
            "file_path": "images/robot_cam09.jpg",
            "sharpness": 300.0,
            "transform_matrix": [
                [
                    -0.20254258790877722,
                    -0.4708262012703742,
                    0.8586612768027473,
                    2.3684167108799854
                ],
                [
                    0.9790962799045918,
                    -0.11404182982248057,
                    0.16841892924410118,
                    0.9868402961999939
                ],
                [
                    0.018627258526268734,
                    0.8748240675976223,
                    0.4840825094875316,
                    0.9868402961999939
                ],
                [
                    0.0,
                    0.0,
                    0.0,
                    1.0
                ]
            ]
        },
        {
            "file_path": "images/robot_cam10.jpg",
            "sharpness": 300.0,
            "transform_matrix": [
                [
                    0.23642171389440925,
                    0.24371018529297567,
                    -0.9405903033646976,
                    -2.3684167108799854
                ],
                [
                    -0.944344069683642,
                    -0.1702491271002562,
                    -0.2814773752452185,
                    -0.9868402961999939
                ],
                [
                    -0.22873358138359737,
                    0.9547882384623643,
                    0.18989567778485353,
                    0.9868402961999939
                ],
                [
                    0.0,
                    0.0,
                    0.0,
                    1.0
                ]
            ]
        },
        {
            "file_path": "images/robot_cam11.jpg",
            "sharpness": 300.0,
            "transform_matrix": [
                [
                    0.4077593878381661,
                    -0.4436397562206357,
                    0.7980702026327882,
                    2.3684167108799854
                ],
                [
                    0.9124584273064525,
                    0.1654918886190888,
                    -0.3742085691679476,
                    -0.9868402961999939
                ],
                [
                    0.03393965331702198,
                    0.8807929390621738,
                    0.4722837054472011,
                    0.9868402961999939
                ],
                [
                    0.0,
                    0.0,
                    0.0,
                    1.0
                ]
            ]
        },
        {
            "file_path": "images/robot_cam12.jpg",
            "sharpness": 300.0,
            "transform_matrix": [
                [
                    -0.91411737062894,
                    0.0862862517579216,
                    -0.39616172893403223,
                    -0.9868402961999939
                ],
                [
                    -0.4049186902012134,
                    -0.24427358438352886,
                    0.8811193280697895,
                    2.3684167108799854
                ],
                [
                    -0.0207433613516913,
                    0.9658597717733108,
                    0.2582336427149676,
                    0.9868402961999939
                ],
                [
                    0.0,
                    0.0,
                    0.0,
                    1.0
                ]
            ]
        },
        {
            "file_path": "images/robot_cam13.jpg",
            "sharpness": 300.0,
            "transform_matrix": [
                [
                    0.9032383513274578,
                    0.042571209319028996,
                    -0.42702245002853434,
                    -0.9868402961999939
                ],
                [
                    -0.42601350498306834,
                    0.2088312217877656,
                    -0.880285189230553,
                    -2.3684167108799854
                ],
                [
                    0.05170081491908898,
                    0.9770246736616965,
                    0.20676027856664758,
                    0.9868402961999939
                ],
                [
                    0.0,
                    0.0,
                    0.0,
                    1.0
                ]
            ]
        },
        {
            "file_path": "images/robot_cam14.jpg",
            "sharpness": 300.0,
            "transform_matrix": [
                [
                    -0.9575771601110356,
                    -0.12408421779023768,
                    0.2600943854239633,
                    0.9868402961999939
                ],
                [
                    0.2822761411211676,
                    -0.2221635306868044,
                    0.9332542771327202,
                    2.3684167108799854
                ],
                [
                    -0.058018639999805124,
                    0.9670814198029855,
                    0.24776473696717782,
                    0.9868402961999939
                ],
                [
                    0.0,
                    0.0,
                    0.0,
                    1.0
                ]
            ]
        },
        {
            "file_path": "images/robot_cam15.jpg",
            "sharpness": 300.0,
            "transform_matrix": [
                [
                    0.9290915770525623,
                    -0.008229138317143475,
                    0.369758194949808,
                    0.9868402961999939
                ],
                [
                    0.3698227891046514,
                    0.00859826066779168,
                    -0.9290625245764383,
                    -2.3684167108799854
                ],
                [
                    0.004466106675783456,
                    0.9999291730897975,
                    0.011031894448121582,
                    0.9868402961999939
                ],
                [
                    0.0,
                    0.0,
                    0.0,
                    1.0
                ]
            ]
        },
        {
            "file_path": "images/robot_cam16.jpg",
            "sharpness": 300.0,
            "transform_matrix": [
                [
                    -0.6963642403199817,
                    0.548580392585304,
                    -0.46274874140782785,
                    -1.9736805923999878
                ],
                [
                    -0.7159385923946986,
                    -0.485983702359293,
                    0.501250209936168,
                    1.9736805923999878
                ],
                [
                    0.05008769033876987,
                    0.6803524042083696,
                    0.731171545784175,
                    1.9736805923999878
                ],
                [
                    0.0,
                    0.0,
                    0.0,
                    1.0
                ]
            ]
        },
        {
            "file_path": "images/robot_cam17.jpg",
            "sharpness": 300.0,
            "transform_matrix": [
                [
                    1.282312173980156e-16,
                    0.6427876096866524,
                    -0.7660444431188833,
                    -2.3684167108799854
                ],
                [
                    -1.0,
                    -7.926992395823618e-14,
                    -6.621336104143837e-14,
                    0.0
                ],
                [
                    -1.0317202251126612e-13,
                    0.7660444431188833,
                    0.6427876096866525,
                    1.9736805923999878
                ],
                [
                    0.0,
                    0.0,
                    0.0,
                    1.0
                ]
            ]
        },
        {
            "file_path": "images/robot_cam18.jpg",
            "sharpness": 300.0,
            "transform_matrix": [
                [
                    0.707106781186657,
                    0.4545194776719983,
                    -0.5416752204195966,
                    -1.9736805923999878
                ],
                [
                    -0.7071067811864377,
                    0.45451947767205936,
                    -0.5416752204198322,
                    -1.9736805923999878
                ],
                [
                    -7.408417926608703e-14,
                    0.7660444431189957,
                    0.6427876096865182,
                    1.9736805923999878
                ],
                [
                    0.0,
                    0.0,
                    0.0,
                    1.0
                ]
            ]
        },
        {
            "file_path": "images/robot_cam19.jpg",
            "sharpness": 300.0,
            "transform_matrix": [
                [
                    1.0,
                    -9.783840404509129e-16,
                    -1.464221037498946e-13,
                    0.0
                ],
                [
                    -1.0284424048754854e-13,
                    0.707106781186511,
                    -0.707106781186584,
                    -2.3684167108799854
                ],
                [
                    1.0422788446675292e-13,
                    0.707106781186584,
                    0.707106781186511,
                    1.9736805923999878
                ],
                [
                    0.0,
                    0.0,
                    0.0,
                    1.0
                ]
            ]
        },
        {
            "file_path": "images/robot_cam20.jpg",
            "sharpness": 300.0,
            "transform_matrix": [
                [
                    0.7071067811865118,
                    -0.40557978767280267,
                    0.5792279653394988,
                    1.9736805923999878
                ],
                [
                    0.7071067811865838,
                    0.40557978767260616,
                    -0.5792279653395481,
                    -1.9736805923999878
                ],
                [
                    1.3368558386832197e-13,
                    0.8191520442889271,
                    0.5735764363511391,
                    1.9736805923999878
                ],
                [
                    0.0,
                    0.0,
                    0.0,
                    1.0
                ]
            ]
        },
        {
            "file_path": "images/robot_cam21.jpg",
            "sharpness": 300.0,
            "transform_matrix": [
                [
                    -1.3544899930149532e-16,
                    -0.7071067811866567,
                    0.7071067811864387,
                    2.3684167108799854
                ],
                [
                    1.0000000000000002,
                    -7.37188088351104e-14,
                    -7.284207279286249e-14,
                    0.0
                ],
                [
                    1.0344835919822564e-13,
                    0.7071067811864387,
                    0.7071067811866572,
                    1.9736805923999878
                ],
                [
                    0.0,
                    0.0,
                    0.0,
                    1.0
                ]
            ]
        },
        {
            "file_path": "images/robot_cam22.jpg",
            "sharpness": 300.0,
            "transform_matrix": [
                [
                    -0.7071067811865839,
                    -0.5000000000000208,
                    0.49999999999992784,
                    1.9736805923999878
                ],
                [
                    0.7071067811865113,
                    -0.5000000000001026,
                    0.49999999999994915,
                    1.9736805923999878
                ],
                [
                    3.020139514858093e-14,
                    0.7071067811864605,
                    0.707106781186635,
                    1.9736805923999878
                ],
                [
                    0.0,
                    0.0,
                    0.0,
                    1.0
                ]
            ]
        },
        {
            "file_path": "images/robot_cam23.jpg",
            "sharpness": 300.0,
            "transform_matrix": [
                [
                    -1.0,
                    0.0,
                    1.2246467991473532e-16,
                    0.0
                ],
                [
                    8.659560562353597e-17,
                    -0.7071067811866569,
                    0.7071067811864384,
                    2.3684167108799854
                ],
                [
                    8.659560562356273e-17,
                    0.7071067811864384,
                    0.7071067811866569,
                    1.9736805923999878
                ],
                [
                    0.0,
                    0.0,
                    0.0,
                    1.0
                ]
            ]
        },
        {
            "file_path": "images/robot_cam24.jpg",
            "sharpness": 300.0,
            "transform_matrix": [
                [
                    -0.3458351040193953,
                    0.6038076312277458,
                    -0.7182022175536866,
                    -2.3684167108799854
                ],
                [
                    -0.9350101650001279,
                    -0.28576651073048365,
                    0.20998450583640343,
                    0.9868402961999939
                ],
                [
                    -0.07844789464560506,
                    0.744146387356724,
                    0.6633943638663276,
                    1.9736805923999878
                ],
                [
                    0.0,
                    0.0,
                    0.0,
                    1.0
                ]
            ]
        },
        {
            "file_path": "images/robot_cam25.jpg",
            "sharpness": 300.0,
            "transform_matrix": [
                [
                    -0.40641263287668095,
                    -0.5438718267766246,
                    0.7341881283955096,
                    2.3684167108799854
                ],
                [
                    0.9048827360659356,
                    -0.12828654310087195,
                    0.4058691868435622,
                    0.9868402961999939
                ],
                [
                    -0.12655435910339224,
                    0.829304527238267,
                    0.544277498427084,
                    1.9736805923999878
                ],
                [
                    0.0,
                    0.0,
                    0.0,
                    1.0
                ]
            ]
        },
        {
            "file_path": "images/robot_cam26.jpg",
            "sharpness": 300.0,
            "transform_matrix": [
                [
                    0.2364217138944097,
                    0.5507134930977221,
                    -0.8005119747507439,
                    -2.3684167108799854
                ],
                [
                    -0.9443440696836422,
                    -0.06371091620704261,
                    -0.3227308432880191,
                    -0.9868402961999939
                ],
                [
                    -0.22873358138359728,
                    0.832259315163348,
                    0.5050003772981451,
                    1.9736805923999878
                ],
                [
                    0.0,
                    0.0,
                    0.0,
                    1.0
                ]
            ]
        },
        {
            "file_path": "images/robot_cam27.jpg",
            "sharpness": 300.0,
            "transform_matrix": [
                [
                    0.4077593878381661,
                    -0.5754833078079976,
                    0.7089084877924723,
                    2.3684167108799854
                ],
                [
                    0.9124584273064525,
                    0.22795833107607888,
                    -0.33978613528283386,
                    -0.9868402961999939
                ],
                [
                    0.03393965331702211,
                    0.7854005103941393,
                    0.6180567435157927,
                    1.9736805923999878
                ],
                [
                    0.0,
                    0.0,
                    0.0,
                    1.0
                ]
            ]
        },
        {
            "file_path": "images/robot_cam28.jpg",
            "sharpness": 300.0,
            "transform_matrix": [
                [
                    -0.91411737062894,
                    0.18588031941553304,
                    -0.3603303200792468,
                    -0.9868402961999939
                ],
                [
                    -0.4049186902012133,
                    -0.4640006269486632,
                    0.787873259171157,
                    2.3684167108799854
                ],
                [
                    -0.020743361351691213,
                    0.8661131133086641,
                    0.4994174485484124,
                    1.9736805923999878
                ],
                [
                    0.0,
                    0.0,
                    0.0,
                    1.0
                ]
            ]
        },
        {
            "file_path": "images/robot_cam29.jpg",
            "sharpness": 300.0,
            "transform_matrix": [
                [
                    0.9032383513274576,
                    0.18605413081707017,
                    -0.38670963408888737,
                    -0.9868402961999939
                ],
                [
                    -0.4260135049830683,
                    0.49731242469178305,
                    -0.7557730121003402,
                    -2.3684167108799854
                ],
                [
                    0.05170081491908896,
                    0.8473866960562245,
                    0.5284532269592248,
                    1.9736805923999878
                ],
                [
                    0.0,
                    0.0,
                    0.0,
                    1.0
                ]
            ]
        },
        {
            "file_path": "images/robot_cam30.jpg",
            "sharpness": 300.0,
            "transform_matrix": [
                [
                    -0.9575771601110354,
                    -0.18717353107042908,
                    0.21911652539302345,
                    0.9868402961999939
                ],
                [
                    0.2822761411211677,
                    -0.45613747279529715,
                    0.8439542559082589,
                    2.3684167108799854
                ],
                [
                    -0.05801863999980509,
                    0.8700026868800737,
                    0.48962144789012907,
                    1.9736805923999878
                ],
                [
                    0.0,
                    0.0,
                    0.0,
                    1.0
                ]
            ]
        },
        {
            "file_path": "images/robot_cam31.jpg",
            "sharpness": 300.0,
            "transform_matrix": [
                [
                    0.9290915770525621,
                    -0.19200574030881712,
                    0.31610542092543437,
                    0.9868402961999939
                ],
                [
                    0.3698227891046514,
                    0.47197757445491473,
                    -0.800292617653388,
                    -2.3684167108799854
                ],
                [
                    0.004466106675783545,
                    0.8604481186568533,
                    0.5095184873888698,
                    1.9736805923999878
                ],
                [
                    0.0,
                    0.0,
                    0.0,
                    1.0
                ]
            ]
        }
    ]
}